020101003801202212
020101012701202212
020101012709202212
020101013501202212
020101013509202212
020101014301202212
020101014307202212
020101014309202212
020101016001202212
020101016009202212
020101020801202212
020101020809202212
020101024001202212
020101024007202212
020101024009202212
020101025901202212
020101026701202212
020101026707202212
020101026709202212
020101027503202212
020101027507202212
020101027509202212
020101030501202212
020101030507202212
020101030509202212
020101031301202212
020101031307202212
020101031309202212
020101032101202212
020101032107202212
020101032109202212
020101033001202212
020101033007202212
020101033009202212
020101040201202212
020101040207202212
020101040209202212
020101053401202212
020101053409202212
020101055001202212
020101055009202212
020904003301202212
020904003307202212
020904003309202212
020904005001202212
020904005007202212
020904005009202212
021105009101202212
021105010503202212
021105010507202212
021105010509202212
021105014801202212
030106001003202212
030106001007202212
030106007001202212
030106007003202212
030106007007202212
030106007009202212
030106008803202212
030109001703202212
030109001709202212
030109001713202212
030109002503202212
030109002509202212
030109002513202212
030301001003202212
030301001007202212
030301002903202212
030301002907202212
030301003703202212
030301003707202212
030301004503202212
030301004507202212
030301005303202212
030301005307202212
030301006103202212
030301006107202212
030301007003202212
030301007007202212
030301008803202212
030301008807202212
030301009603202212
030301009607202212
030301010003202212
030301010007202212
030301011803202212
030301011807202212
030301012603202212
030301012607202212
030301013403202212
030301013407202212
030301014203202212
030301014207202212
030301015003202212
030301015007202212
030301016903202212
030301016907202212
030301017703202212
030301017707202212
030301018503202212
030301018507202212
030301019303202212
030301019307202212
030301020703202212
030301020707202212
030301021503202212
030301021506202212
030301021507202212
030302003203202212
030302003207202212
030302004003202212
030302004007202212
030302005903202212
030302005907202212
030302006703202212
030302006707202212
030302007503202212
030302007507202212
030302008303202212
030302008307202212
030303001107202212
030303001111202212
030303002003202212
030303002007202212
030303003803202212
030303003807202212
030303004603202212
030303004607202212
030303005403202212
030303005407202212
030303006203202212
030303006207202212
030304001703202212
030304001707202212
030304002503202212
030304002507202212
030304003303202212
030304003307202212
030304004103202212
030304004107202212
030304005003202212
030304005007202212
030304006803202212
030304006807202212
030304007603202212
030304007607202212
030304008401202212
030304008403202212
030304008407202212
030304009201202212
030304009203202212
030304009207202212
030304010603202212
030304010607202212
030304011401202212
030304011403202212
030304011407202212
030304012201202212
030304012203202212
030304012207202212
030304013003202212
030304013007202212
030304014903202212
030304014907202212
030304015703202212
030304015707202212
030304016503202212
030304016507202212
030304017303202212
030304017307202212
030304018103202212
030304019003202212
030304019007202212
030304020303202212
030304020307202212
030304021103202212
030304021107202212
030304022003202212
030304022007202212
030304023803202212
030304023807202212
030304024603202212
030304024607202212
030304025403202212
030304025407202212
030304026203202212
030304026207202212
030304027003202212
030304027007202212
030304028903202212
030304029703202212
030304029707202212
030304030003202212
030305013603202212
030305013607202212
030305014403202212
030305014407202212
030306001803202212
030306001807202212
030306002603202212
030306002607202212
030306003403202212
030306003407202212
030306004203202212
030306004207202212
030306005003202212
030306005007202212
030306006903202212
030306006907202212
030306007703202212
030306007707202212
030306008503202212
030306008507202212
030306009303202212
030306009307202212
030306010703202212
030306010707202212
030306011503202212
030306011507202212
030306012303202212
030306012307202212
030306013103202212
030306013107202212
030306014003202212
030306014007202212
030306015803202212
030306015807202212
030306016603202212
030306016607202212
030306017403202212
030306017407202212
030306018203202212
030306018207202212
030306019003202212
030306019007202212
030306020403202212
030306020407202212
030306021203202212
030306021207202212
030306022001202212
030306022003202212
030306022007202212
030306023903202212
030306023907202212
030306024703202212
030306024707202212
030306025503202212
030306025507202212
030306026303202212
030306026307202212
030306027103202212
030306027107202212
030306028003202212
030306028007202212
030306029803202212
030306029807202212
030306030103202212
030306030107202212
030307006403202212
030307006407202212
030307007203202212
030307007207202212
030307008003202212
030307008007202212
030307009903202212
030307009907202212
030307010203202212
030307010207202212
030307011003202212
030307011007202212
030307012903202212
030307012907202212
030307013701202212
030308004303202212
030308004307202212
030308005103202212
030308005107202212
030308006003202212
030308006007202212
030308007803202212
030308007807202212
030308008603202212
030308008607202212
030308009403202212
030308009407202212
030309013803202212
030309013807202212
030309013809202212
030309019703202212
030309019707202212
030309019709202212
030309023503202212
030309023507202212
030309023509202212
030309031603202212
030309031607202212
030310001002202212
030310001003202212
030310001007202212
030310002802202212
030310002803202212
030310002807202212
030310003602202212
030310003603202212
030310003607202212
030310004402202212
030310004403202212
030310004407202212
030310005202202212
030310005203202212
030310005207202212
030311001503202212
030311001507202212
030311002303202212
030311002307202212
030311003103202212
030311003107202212
030311004003202212
030311004007202212
030311005803202212
030311005807202212
030311006603202212
030311006607202212
030311007403202212
030311007407202212
030311008203202212
030311008207202212
030311009003202212
030311009007202212
030311010403202212
030311010407202212
030311011203202212
030311011207202212
030313001604202212
030313002404202212
030313003204202212
030313004004202212
030313005904202212
030313006704202212
030313007504202212
030313008304202212
030314002003202212
030314002007202212
030314003803202212
030314003807202212
030314004603202212
030314004607202212
030314005403202212
030314005407202212
030314006203202212
030314006207202212
030314007003202212
030314007007202212
030314008903202212
030314008907202212
030314009703202212
030314009707202212
030314010003202212
030314010007202212
030314011903202212
030314011907202212
030314012703202212
030314012707202212
030314013503202212
030314013507202212
030314014303202212
030314014307202212
030314015103202212
030314015107202212
030315001703202212
030315001707202212
030315002503202212
030315002507202212
030315003303202212
030315003307202212
030315004103202212
030315004107202212
030315005003202212
030315005007202212
030315006803202212
030315006807202212
030316001207202212
030316002007202212
030316003907202212
030316004707202212
030316005507202212
030316006307202212
030316007107202212
030317009305202212
030317009307202212
030317010707202212
030317010714202212
030317013102202212
030317013103202212
030317013105202212
030317013107202212
030317013187202212
030317014002202212
030317014003202212
030317014005202212
030317014007202212
030317014087202212
030317015802202212
030317015803202212
030317015805202212
030317015807202212
030317015887202212
030317016602202212
030317016603202212
030317016605202212
030317016607202212
030317016687202212
030317017402202212
030317017403202212
030317017405202212
030317017407202212
030317017487202212
030317018202202212
030317018203202212
030317018205202212
030317018207202212
030317018287202212
030317019005202212
030317019007202212
030317020405202212
030317020407202212
030318001303202212
030318001307202212
030318003003202212
030318003007202212
030318004803202212
030318004807202212
030318005603202212
030318005607202212
030318006403202212
030318006407202212
030318007207202212
030318007210202212
030319001903202212
030319001907202212
030319001908202212
030401011103202212
030401011107202212
030401035903202212
030401035907202212
030401049903202212
030401049907202212
030401059603202212
030401059607202212
030408002003202212
030408002007202212
030408003903202212
030408003907202212
030408003909202212
030408004703202212
030408006303202212
030409001803202212
030409001807202212
030409002603202212
030409002607202212
030409003403202212
030409003407202212
030409004203202212
030409004207202212
030410001303202212
030410001307202212
030410001309202212
030410002103202212
030410002107202212
030501017403202212
030501017407202212
030502001303202212
030502001307202212
030502002103202212
030502002107202212
030502003003202212
030502003007202212
030502004803202212
030502004807202212
030502005603202212
030502005607202212
030701005801202212
030701005803202212
030701005807202212
030701005809202212
030702003701202212
030702003703202212
030702003707202212
030702003709202212
030702004501202212
030702004503202212
030702004507202212
030702004509202212
030702005301202212
030702005303202212
030702005307202212
030702005309202212
030702006101202212
030702006103202212
030702006107202212
030702006109202212
030702008801202212
030702008803202212
030702008807202212
030702008809202212
030702009601202212
030702009603202212
030702009607202212
030702009609202212
030702010001202212
030702010003202212
030702010007202212
030702010009202212
030702011801202212
030702011803202212
030702011807202212
030702011809202212
030703003201202212
030703003203202212
030703003207202212
030703003209202212
030704001101202212
030704001103202212
030704001107202212
030704001109202212
030704006201202212
030704006203202212
030704006207202212
030704006209202212
030704008901202212
030704008903202212
030704008907202212
030704008909202212
030801001901202212
030801001903202212
030801001907202212
030801002703202212
030801002707202212
030801003501202212
030801003503202212
030801003507202212
030801004301202212
030801004303202212
030801004307202212
030802002203202212
030802002207202212
030802003003202212
030802003007202212
030803001003202212
030803001007202212
030803002803202212
030803002807202212
030803003601202212
030803003603202212
030803003607202212
030803003683202212
030804001501202212
030804001503202212
030804001507202212
030804002303202212
030804002307202212
030901003901202212
030901003903202212
030901003907202212
031001003901202212
031001003902202212
031001003903202212
031001004701202212
031001004702202212
031001004703202212
031001005502202212
040102001001202212
040102001007202212
040102001009202212
040102002901202212
040102002907202212
040102002909202212
040102003701202212
040102003707202212
040102003709202212
040102004501202212
040102004507202212
040102004509202212
040102005301202212
040102005307202212
040102005309202212
040102006101202212
040102006107202212
040102006109202212
040102007001202212
040102007007202212
040102007009202212
040102008801202212
040102008807202212
040102008809202212
040102009601202212
040102009607202212
040102009609202212
040102010001202212
040102010007202212
040102010009202212
040102011801202212
040102011807202212
040102011809202212
040102012601202212
040102012607202212
040102012609202212
040102013401202212
040102013409202212
040102014201202212
040102014207202212
040102014209202212
040102015001202212
040102015007202212
040102015009202212
040102016901202212
040102016907202212
040102016909202212
040201001901202212
040201001907202212
040201002701202212
040201002707202212
040201003501202212
040201003507202212
040201003509202212
040201004301202212
040201004307202212
040201004309202212
040201005101202212
040201005107202212
040202001401202212
040202001407202212
040202002201202212
040202002207202212
040301001201202212
040301001207202212
040301002001202212
040301002007202212
040301003901202212
040301003907202212
040301004701202212
040301004707202212
040301005501202212
040301005507202212
040301006301202212
040301006307202212
040301007101202212
040301007107202212
040301008001202212
040301008007202212
040301008009202212
040301009801202212
040301009807202212
040301010101202212
040301010107202212
040301011001202212
040301011007202212
040301012801202212
040301012807202212
040301013601202212
040301013607202212
040301014401202212
040301014407202212
040301015201202212
040301015207202212
040301016001202212
040301016007202212
040301017901202212
040301017907202212
040301018701202212
040301018707202212
040301019501202212
040301019507202212
040301020901202212
040301020907202212
040301021701202212
040301021707202212
040301022501202212
040301022507202212
040301023301202212
040301023307202212
040301024101202212
040301024107202212
040301025001202212
040301025007202212
040301026801202212
040301026807202212
040301027601202212
040301027607202212
040301028401202212
040301028407202212
040301029201202212
040301029207202212
040301030601202212
040301030607202212
040301031401202212
040301031407202212
040301032201202212
040301032207202212
040301033001202212
040301033007202212
040301034901202212
040301034907202212
040301035701202212
040301035707202212
040301036501202212
040301036507202212
040301039001202212
040301039003202212
040301039007202212
040302001801202212
040302001807202212
040302002601202212
040302002607202212
040302003401202212
040302003407202212
040302004201202212
040302004207202212
040302005001202212
040302005007202212
040302006901202212
040302006907202212
040302007701202212
040302007707202212
040302007709202212
040302008501202212
040302008507202212
040302008509202212
040302009301202212
040302009307202212
040302009309202212
040302010701202212
040302010707202212
040302011501202212
040302011507202212
040302012301202212
040302012307202212
040302012309202212
040302013101202212
040302013107202212
040303001301202212
040303001307202212
040303002101202212
040303002107202212
040303003001202212
040303003007202212
040303004801202212
040303004807202212
040303005601202212
040303005607202212
040303006401202212
040303006407202212
040303008001202212
040303008007202212
040303009901202212
040303009907202212
040303010201202212
040303010207202212
040303011001202212
040303011007202212
040303012901202212
040303012907202212
040303013701202212
040303013707202212
040303014501202212
040303014507202212
040303015301202212
040303015307202212
040303016101202212
040303016107202212
040304001901202212
040304001907202212
040304002701202212
040304002707202212
040304005101202212
040304005107202212
040304006001202212
040304006007202212
040304007801202212
040304007807202212
040304008601202212
040304008607202212
040304009401202212
040304009407202212
040304010801202212
040304010807202212
040304011601202212
040304011607202212
040304012401202212
040304012407202212
040305003001202212
040305003003202212
040305003007202212
040305004901202212
040305004907202212
040305005701202212
040305006501202212
040305006507202212
040305007301202212
040305007307202212
040305009001202212
040305009007202212
040305009009202212
040305010301202212
040305010307202212
040305010309202212
040305011101202212
040305011107202212
040305012001202212
040305012007202212
040305013801202212
040305013807202212
040305014601202212
040305014607202212
040305015401202212
040305015407202212
040305016201202212
040306001001202212
040306001007202212
040306002801202212
040306002807202212
040306003601202212
040306003607202212
040306004401202212
040306004407202212
040306005201202212
040306005207202212
040306006001202212
040306006007202212
040306007901202212
040306007907202212
040306008701202212
040306008707202212
040306009501202212
040306009507202212
040307001501202212
040307004001202212
040307004007202212
040307005801202212
040307005807202212
040307008201202212
040307009001202212
040307010401202212
040307011201202212
040307012001202212
040307013901202212
040307013907202212
040307014701202212
040307014707202212
040307015501202212
040307015507202212
040307016301202212
040307016307202212
040308001001202212
040308002901202212
040308003701202212
040308004501202212
040308005301202212
040308005307202212
040308006101202212
040308007001202212
040308007007202212
040308008801202212
040308008807202212
040308009601202212
040308009607202212
040308010001202212
040401001601202212
040401001605202212
040401001609202212
040401002401202212
040401002407202212
040401002409202212
040401003201202212
040401003207202212
040401003209202212
040401004001202212
040401004007202212
040401004009202212
040401005901202212
040401005907202212
040401005909202212
040401006701202212
040401006707202212
040401006709202212
040401008301202212
040401008307202212
040401008309202212
040401010501202212
040401010507202212
040401010509202212
040401011301202212
040401011307202212
040401011309202212
040401012101202212
040401012107202212
040401012109202212
040401013001202212
040401013007202212
040401013009202212
040401014801202212
040401014807202212
040401014809202212
040401016401202212
040401016407202212
040401016409202212
040401017201202212
040401017207202212
040401018001202212
040401018007202212
040401019901202212
040401019907202212
040401020201202212
040401020207202212
040401021001202212
040401021007202212
040401021009202212
040401022901202212
040401022907202212
040401022909202212
040401023701202212
040401023707202212
040401023709202212
040401028801202212
040401028807202212
040401028809202212
040401031801202212
040401031807202212
040401031809202212
040401032601202212
040401032607202212
040401032609202212
040401033401202212
040401033407202212
040401033409202212
040401035001202212
040401035007202212
040401035009202212
040401037701202212
040401037707202212
040401037709202212
040401038501202212
040401038507202212
040401038509202212
040401040701202212
040401040707202212
040401040709202212
040401041501202212
040401041507202212
040401041509202212
040401043101202212
040401043107202212
040401045801202212
040401045807202212
040401046601202212
040401046607202212
040401046609202212
040401047401202212
040401047407202212
040401047409202212
040401048201202212
040401048207202212
040401048209202212
040401049001202212
040401049007202212
040401049009202212
040401050401202212
040401050407202212
040401050409202212
040401051201202212
040401051207202212
040401051209202212
040401052001202212
040401052007202212
040401052009202212
040401053901202212
040401053907202212
040401053909202212
040401054701202212
040401054707202212
040401055501202212
040401055507202212
040401055509202212
040401056301202212
040401056309202212
040401057101202212
040401057107202212
040401058001202212
040401058007202212
040401059801202212
040401059807202212
040401060101202212
040401060107202212
040401061001202212
040401061007202212
040401062801202212
040401062807202212
040401063601202212
040401063607202212
040401064401202212
040401064407202212
040401065201202212
040401065207202212
040402001101202212
040402001107202212
040402001109202212
040402003801202212
040402003807202212
040402003809202212
040402004601202212
040402004607202212
040402004609202212
040402006201202212
040402006207202212
040402007001202212
040402007007202212
040402007009202212
040402008901202212
040402008907202212
040402008909202212
040402010001202212
040402010003202212
040402010007202212
040402010009202212
040402011901202212
040402011907202212
040402011909202212
040402013501202212
040402013507202212
040402014301202212
040402014307202212
040402014309202212
040402017801202212
040402017807202212
040402020801202212
040402020807202212
040402020809202212
040402022401202212
040402022407202212
040402023201202212
040402023207202212
040402023209202212
040402024001202212
040402024007202212
040402024009202212
040402027501202212
040402027507202212
040402029101202212
040402029107202212
040402031301202212
040402031307202212
040402031309202212
040402032101202212
040402032107202212
040402032109202212
040402034801202212
040402034807202212
040402034809202212
040402035601202212
040402035607202212
040402035609202212
040402038001202212
040402038007202212
040402039901202212
040402039907202212
040402039909202212
040402042901202212
040402042907202212
040402042909202212
040402045301202212
040402045307202212
040402045309202212
040402046101202212
040402046107202212
040402046109202212
040402047001202212
040402047007202212
040402047009202212
040402048801202212
040402048807202212
040402048809202212
040402049601202212
040402049607202212
040402050001202212
040402050007202212
040402051801202212
040402051807202212
040402051809202212
040402052601202212
040402052607202212
040402053401202212
040402053407202212
040402054201202212
040402054207202212
040402054209202212
040402055001202212
040402055007202212
040402056901202212
040402056907202212
040402056909202212
040402057701202212
040402057707202212
040402057709202212
040402058501202212
040402058507202212
040402059301202212
040402059307202212
040402060701202212
040402060707202212
040402064001202212
040402064007202212
040402064009202212
040402065801202212
040402065807202212
040402065809202212
040402066601202212
040402066607202212
040402066609202212
040402069001202212
040402069007202212
040402070401202212
040402070407202212
040402071201202212
040402071207202212
040402071209202212
040402072001202212
040402072007202212
040402073901202212
040402073907202212
040402077101202212
040402077107202212
040402077109202212
040402078001202212
040402078007202212
040403001701202212
040403001707202212
040403001709202212
040403003301202212
040403003307202212
040403004101202212
040403004107202212
040403004109202212
040403005001202212
040403005007202212
040403005009202212
040403006801202212
040403006807202212
040403006809202212
040403007601202212
040403007607202212
040403007609202212
040403008401202212
040403008407202212
040403008409202212
040403010601202212
040403010607202212
040403010609202212
040403012201202212
040403012207202212
040403012209202212
040403013001202212
040403013007202212
040403013009202212
040403015701202212
040403015707202212
040403015709202212
040403016501202212
040403016507202212
040403016509202212
040403017301202212
040403017307202212
040403017309202212
040403019001202212
040403019007202212
040403019009202212
040403022001202212
040403022007202212
040403022009202212
040403024601202212
040403024607202212
040403024609202212
040403025401202212
040403025407202212
040403025409202212
040403026201202212
040403026207202212
040403026209202212
040403027001202212
040403027007202212
040403027009202212
040403028901202212
040403028907202212
040403029701202212
040403029707202212
040403030001202212
040403030007202212
040403031901202212
040403031907202212
040403031909202212
040403032701202212
040403032707202212
040501001001202212
040501001007202212
040501001009202212
040501002801202212
040501002807202212
040501002809202212
040501003601202212
040501003607202212
040501003609202212
040501007901202212
040501007907202212
040501007909202212
040501008701202212
040501008707202212
040501008709202212
040501011701202212
040501011707202212
040501011709202212
040501012501202212
040501012507202212
040501012509202212
040501013301202212
040501013307202212
040501013309202212
040501015001202212
040501015007202212
040501015009202212
040501017601202212
040501017607202212
040501017609202212
040502001501202212
040502001507202212
040502001509202212
040502002301202212
040502002307202212
040502002309202212
040503001001202212
040503001007202212
040503001009202212
040503002901202212
040503002907202212
040503002909202212
040503007001202212
040503007007202212
040503007009202212
040503009601202212
040503009607202212
040503009609202212
040503011801202212
040503011807202212
040503011809202212
040503013401202212
040503013407202212
040503013409202212
040503014201202212
040503014207202212
040503014209202212
040503016901202212
040503016907202212
040503016909202212
040503017701202212
040503017707202212
040503017709202212
040503018501202212
040503018507202212
040503019301202212
040503019307202212
040503020701202212
040503020707202212
040503020709202212
040504001601202212
040504001607202212
040504001609202212
040504002401202212
040504002407202212
040504002409202212
040504004001202212
040504004007202212
040504004009202212
040504005901202212
040504005907202212
040504005909202212
040504006701202212
040504006707202212
040504006709202212
040504007501202212
040504007507202212
040504007509202212
040504008301202212
040504008307202212
040504008309202212
040504009101202212
040504009107202212
040504009109202212
040504010501202212
040504010507202212
040504010509202212
040504014801202212
040504014807202212
040504014809202212
040504015601202212
040504015607202212
040504015609202212
040504016401202212
040504016407202212
040504016409202212
040504018001202212
040504018007202212
040504020201202212
040504020207202212
040504020209202212
040504021001202212
040504021007202212
040504021009202212
040505001101202212
040505001107202212
040505001109202212
040505004601202212
040505004607202212
040505004609202212
040505005401202212
040505005407202212
040505005409202212
040505009701202212
040505009707202212
040505009709202212
040505010001202212
040505010007202212
040505010009202212
040505011901202212
040505011907202212
040505011909202212
040505013501202212
040505013507202212
040505013509202212
040505014301202212
040505014307202212
040505014309202212
040505015101202212
040505015107202212
040505015109202212
040505018601202212
040505018607202212
040505018609202212
040505021601202212
040505021607202212
040505021609202212
040505022401202212
040505022407202212
040505022409202212
040505023201202212
040505023207202212
040505023209202212
040505031301202212
040505031307202212
040505031309202212
040505032101202212
040505032107202212
040505032109202212
040505035601202212
040505035607202212
040505035609202212
040505037201202212
040505037207202212
040505037209202212
040505038001202212
040505038007202212
040505038009202212
040505039901202212
040505039907202212
040505039909202212
040505040201202212
040505040209202212
040601001301202212
040601001307202212
040601002101202212
040601003001202212
040601004801202212
040601005601202212
040601006401202212
040601007201202212
040601007207202212
040601008001202212
040601009901202212
040601010201202212
040601010207202212
040601011001202212
040601011007202212
040601013701202212
040601013707202212
040601015301202212
040601015307202212
040601016101202212
040601017001202212
040601017007202212
040601018801202212
040601019601202212
040601019607202212
040601020001202212
040601020007202212
040601021801202212
040601021807202212
040601022601202212
040601022607202212
040601023401202212
040601024201202212
040601025001202212
040601025007202212
040601026901202212
040601026907202212
040601027701202212
040601027707202212
040601028501202212
040601028507202212
040601029301202212
040601030701202212
040601031501202212
040601032301202212
040601033101202212
040601033107202212
040601034001202212
040601035801202212
040601036601202212
040601036607202212
040601037401202212
040601037407202212
040601038201202212
040601039001202212
040601039007202212
040601040401202212
040601041201202212
040601041207202212
040601042001202212
040601042007202212
040601043901202212
040601044701202212
040601044707202212
040601045501202212
040601046301202212
040601046307202212
040601047101202212
040601047107202212
040601048001202212
040601049801202212
040601049807202212
040601050101202212
040601051001202212
040601051007202212
040601052801202212
040601052807202212
040601053601202212
040601054401202212
040601055201202212
040601056001202212
040601056007202212
040601056009202212
040601057901202212
040601058701202212
040601058709202212
040601059501202212
040601060901202212
040601061701202212
040601062501202212
040601063301202212
040601063309202212
040601064101202212
040601064107202212
040601064109202212
040601065001202212
040601065009202212
040601066801202212
040601066807202212
040601066809202212
040601067601202212
040601067607202212
040601067609202212
040601068401202212
040601068407202212
040601068409202212
040601069201202212
040601069207202212
040601070601202212
040601071401202212
040601071407202212
040601071409202212
040601073001202212
040601075701202212
040601075707202212
040601076501202212
040601076507202212
040601077301202212
040601077307202212
040601078101202212
040601078107202212
040601079001202212
040601079009202212
040601080301202212
040601080307202212
040601081101202212
040601082001202212
040601082007202212
040601083801202212
040601084601202212
040601085401202212
040601085409202212
040601086201202212
040601086209202212
040601087001202212
040601087009202212
040601088901202212
040601089701202212
040601090001202212
040601090007202212
040601091901202212
040601091907202212
040601091909202212
040601092701202212
040601093501202212
040601094301202212
040601095101202212
040601096001202212
040601096003202212
040601096007202212
040601097801202212
040601097803202212
040601097807202212
040601098601202212
040601099401202212
040601100101202212
040601100109202212
040601101001202212
040601101009202212
040601102801202212
040601102809202212
040601103601202212
040601103609202212
040601104401202212
040601104407202212
040601104409202212
040601105201202212
040601105209202212
040601107901202212
040601108701202212
040601108709202212
040601109501202212
040601109509202212
040601110901202212
040601110909202212
040601111701202212
040601111709202212
040601112501202212
040601112509202212
040601113301202212
040601113307202212
040601113309202212
040601114101202212
040601114109202212
040601115001202212
040601115007202212
040601115009202212
040601116801202212
040601116809202212
040601117601202212
040601117609202212
040601118401202212
040601118409202212
040601119201202212
040601119209202212
040601120601202212
040601121401202212
040601121407202212
040601122201202212
040601122207202212
040601123001202212
040601124901202212
040601125701202212
040601126501202212
040601126507202212
040601127301202212
040601127307202212
040601128101202212
040601128107202212
040601129001202212
040601129007202212
040601130301202212
040601130307202212
040601131101202212
040601131107202212
040601132001202212
040601132007202212
040601133801202212
040601133807202212
040601134601202212
040601134607202212
040601135401202212
040601135407202212
040601136201202212
040601136207202212
040601137001202212
040601137007202212
040601138901202212
040601138907202212
040601139701202212
040601139707202212
040601140001202212
040601140007202212
040601141901202212
040601141907202212
040601142701202212
040601142707202212
040601143501202212
040601143507202212
040601144301202212
040601144307202212
040601145101202212
040601145107202212
040601146001202212
040601146007202212
040601147801202212
040601147807202212
040601148601202212
040601148607202212
040601149401202212
040601149407202212
040601150801202212
040601150807202212
040601151601202212
040601151607202212
040601152401202212
040602001901202212
040602001907202212
040602002701202212
040602002707202212
040602003501202212
040602003507202212
040602004301202212
040602004307202212
040602005101202212
040602005107202212
040602007801202212
040602007807202212
040602007809202212
040602010801202212
040602011601202212
040602011607202212
040602011609202212
040602012401202212
040602012407202212
040602015901202212
040602015907202212
040602015909202212
040602016701202212
040602016707202212
040602016709202212
040602019101202212
040602019107202212
040602021301202212
040602022101202212
040602023001202212
040602024801202212
040602024807202212
040602025601202212
040602025607202212
040602026401202212
040602026407202212
040602027201202212
040602027207202212
040602028001202212
040602028007202212
040602030201202212
040602030207202212
040602031001202212
040602031007202212
040602032901202212
040602032907202212
040602033701202212
040602033707202212
040602034501202212
040602034507202212
040602035301202212
040602035307202212
040602036101202212
040602036107202212
040602037001202212
040602037007202212
040602038801202212
040602038807202212
040602039601202212
040602039607202212
040602040001202212
040602040007202212
040602041801202212
040602041807202212
040602042601202212
040602042607202212
040602043401202212
040602043407202212
040602044201202212
040602044207202212
040602045001202212
040602046901202212
040602046907202212
040602047701202212
040602047707202212
040602048501202212
040602048507202212
040602049301202212
040602049307202212
040602050701202212
040602050707202212
040602051501202212
040602051507202212
040602052301202212
040602053101202212
040602053107202212
040602054001202212
040602054007202212
040602055801202212
040602055807202212
040602056601202212
040602056607202212
040602056609202212
040602057401202212
040602057407202212
040602057409202212
040602058201202212
040602058207202212
040602059001202212
040602059007202212
040602060401202212
040602060407202212
040602060409202212
040602062001202212
040602062003202212
040602062007202212
040602062009202212
040603001401202212
040603002201202212
040603003001202212
040603004901202212
040603005701202212
040603005707202212
040603006501202212
040603007301202212
040603008101202212
040603008107202212
040603009001202212
040603009007202212
040603010301202212
040603010307202212
040603011101202212
040603011107202212
040603012001202212
040603012007202212
040603013801202212
040603013807202212
040603014601202212
040603014607202212
040603015401202212
040603015407202212
040604001001202212
040604001007202212
040604002801202212
040604002807202212
040604004401202212
040604004407202212
040604005201202212
040604005207202212
040604006001202212
040604006007202212
040604007901202212
040604007907202212
040604008701202212
040604009501202212
040604010901202212
040604010907202212
040604011701202212
040604011707202212
040604012501202212
040604012507202212
040604013301202212
040604014101202212
040604014107202212
040604015001202212
040604016801202212
040604017601202212
040604018401202212
040604019201202212
040604019207202212
040604020601202212
040604020607202212
040604020609202212
040604021401202212
040604021407202212
040604022201202212
040604022207202212
040604023001202212
040604023007202212
040604024901202212
040604024907202212
040604025701202212
040604025707202212
040604025709202212
040604026501202212
040604026507202212
040604027301202212
040604027307202212
040604027309202212
040604028101202212
040604029001202212
040604029007202212
040604029009202212
040604030301202212
040604030307202212
040604030309202212
040604031101202212
040604031107202212
040604031109202212
040604032001202212
040604032007202212
040604033801202212
040604033807202212
040605001501202212
040605001507202212
040605001509202212
040605002301202212
040605002307202212
040605002309202212
040605003101202212
040605003107202212
040605003109202212
040605004001202212
040605004007202212
040605004009202212
040605005801202212
040605005807202212
040605005809202212
040605006601202212
040605006607202212
040605006609202212
040605007401202212
040605007407202212
040605007409202212
040605008201202212
040605008207202212
040605008209202212
040605009001202212
040605009007202212
040605010401202212
040605010407202212
040605011201202212
040605012001202212
040605012007202212
040605012009202212
040605013901202212
040605013907202212
040605013909202212
040701001701202212
040701001707202212
040701003301202212
040701003307202212
040701004101202212
040701005001202212
040701005007202212
040701006801202212
040701006807202212
040701007601202212
040701008401202212
040701008407202212
040701009201202212
040701009207202212
040701010601202212
040701010607202212
040701011401202212
040701011407202212
040701012201202212
040701013001202212
040701014901202212
040701015701202212
040701015707202212
040701016501202212
040701016507202212
040701017301202212
040701018101202212
040701019001202212
040701019007202212
040701020301202212
040701020307202212
040701021101202212
040701021107202212
040701021109202212
040701022001202212
040701022007202212
040701022009202212
040701023801202212
040701023807202212
040701027001202212
040701027007202212
040701028901202212
040701029701202212
040701029707202212
040701030001202212
040701033501202212
040701033507202212
040701034301202212
040701034307202212
040701035101202212
040701035107202212
040701036001202212
040701037801202212
040701038601202212
040702001201202212
040702002001202212
040702003901202212
040702003907202212
040702004701202212
040702004707202212
040702006301202212
040702006307202212
040702007101202212
040702007107202212
040702008001202212
040702008007202212
040702009801202212
040702009807202212
040702010101202212
040702010107202212
040702011001202212
040702011007202212
040702011009202212
040702013601202212
040702013607202212
040702013609202212
040702014401202212
040702014407202212
040702014409202212
040702015201202212
040702015207202212
040702017901202212
040702017907202212
040702018701202212
040702018707202212
040702019501202212
040702019507202212
040702020901202212
040702020907202212
040702021701202212
040702021709202212
040702022501202212
040702022507202212
040702022509202212
040702023301202212
040702023307202212
040702024101202212
040702024107202212
040702025001202212
040702025007202212
040702026801202212
040702026807202212
040702026809202212
040702027601202212
040702027607202212
040702027609202212
040702028401202212
040702028407202212
040702028409202212
040702029201202212
040702029207202212
040702030601202212
040702030607202212
040702032201202212
040702032207202212
040702032209202212
040702033001202212
040702034901202212
040702035701202212
040702036501202212
040702036507202212
040702038101202212
040702038107202212
040702040301202212
040702040307202212
040702041101202212
040702041107202212
040702042001202212
040702042007202212
040702043801202212
040702043807202212
040702044601202212
040702044607202212
040702045401202212
040702045407202212
040702045409202212
040702046201202212
040702046207202212
040702047001202212
040702047007202212
040702047009202212
040703001801202212
040703001807202212
040703002601202212
040703002607202212
040703003401202212
040703003407202212
040703003409202212
040703004201202212
040703004207202212
040703005001202212
040703005007202212
040703006901202212
040703006907202212
040703007701202212
040703007707202212
040703007709202212
040703012301202212
040703012307202212
040703013101202212
040703013107202212
040703014001202212
040703014007202212
040703015801202212
040703015807202212
040703016601202212
040703016607202212
040703017401202212
040703017407202212
040703018201202212
040703018207202212
040703019001202212
040703019007202212
040703020401202212
040703021201202212
040703022001202212
040703024701202212
040703025501202212
040703025507202212
040704001301202212
040704001307202212
040704002101202212
040704002107202212
040704003001202212
040704003007202212
040704004801202212
040704004807202212
040704005601202212
040704005607202212
040704006401202212
040704006407202212
040704006409202212
040704007201202212
040704007207202212
040704007209202212
040704008001202212
040704008007202212
040704008009202212
040704009901202212
040704009907202212
040704009909202212
040704010201202212
040704010207202212
040704010209202212
040704011001202212
040704011007202212
040704011009202212
040704012901202212
040704012907202212
040704012909202212
040704013701202212
040704013707202212
040704013709202212
040704014501202212
040704014507202212
040704014509202212
040704015301202212
040704015307202212
040704015309202212
040704016101202212
040704016107202212
040704017001202212
040704017007202212
040704017009202212
040704018801202212
040704018807202212
040704020001202212
040704020007202212
040704022601202212
040704022607202212
040704022609202212
040704023401202212
040704023407202212
040704024201202212
040704024207202212
040704025001202212
040704025007202212
040704026901202212
040704026907202212
040801001001202212
040801001007202212
040801002901202212
040801002907202212
040801003701202212
040801003707202212
040801004501202212
040801005301202212
040801006101202212
040801007001202212
040801007007202212
040801008801202212
040801008807202212
040801009601202212
040801009607202212
040801009609202212
040801010001202212
040801010007202212
040801010009202212
040801011801202212
040801011807202212
040801011809202212
040801013401202212
040801013407202212
040801013409202212
040801014201202212
040801014207202212
040801014209202212
040801015001202212
040801015007202212
040801015009202212
040801016901202212
040801016907202212
040801017701202212
040801017707202212
040801018501202212
040801018507202212
040801018509202212
040801019301202212
040801019307202212
040801020701202212
040801020707202212
040801020709202212
040801021501202212
040801021509202212
040801022301202212
040801022307202212
040801022309202212
040801023101202212
040801023109202212
040802001601202212
040802001607202212
040802002401202212
040802002407202212
040802003201202212
040802003207202212
040802004001202212
040802005901202212
040802006701202212
040802007501202212
040802008301202212
040802009101202212
040802010501202212
040802010507202212
040802010509202212
040802011301202212
040802011307202212
040802012101202212
040802012107202212
040802012109202212
040802013001202212
040802013007202212
040802014801202212
040802014807202212
040802014809202212
040802015601202212
040802015607202212
040802016401202212
040802016407202212
040802016409202212
040802017201202212
040802017207202212
040802017209202212
040802018001202212
040802018007202212
040802018009202212
040802019901202212
040802019907202212
040802019909202212
040802020201202212
040802020207202212
040802020209202212
040802021001202212
040802021007202212
040802022901202212
040802022907202212
040802022909202212
040802024501202212
040802024507202212
040802024509202212
040802025301202212
040802025307202212
040802026101202212
040802026107202212
040802027001202212
040802027007202212
040802028801202212
040802028807202212
040802029601202212
040802029607202212
040802029609202212
040802030001202212
040802030007202212
040802030009202212
040802031801202212
040802031807202212
040802031809202212
040802032601202212
040802032607202212
040802032609202212
040802033401202212
040802033407202212
040802034201202212
040802034207202212
040802034209202212
040802035001202212
040802035007202212
040802036901202212
040802036907202212
040802037701202212
040802037707202212
040802037709202212
040802038501202212
040802038507202212
040802039301202212
040802039307202212
040802040701202212
040802040707202212
040802041501202212
040802041507202212
040802042301202212
040802042307202212
040802043101202212
040802043107202212
040802044001202212
040802044007202212
040802044009202212
040802045801202212
040802045807202212
040802046601202212
040802046607202212
040802047401202212
040802047407202212
040802047409202212
040802048201202212
040802048207202212
040802048209202212
040802049001202212
040802049007202212
040802049009202212
040802050401202212
040802050407202212
040802050409202212
040802051201202212
040802051207202212
040802051209202212
040802052001202212
040802052007202212
040802052009202212
040802053901202212
040802053907202212
040802053909202212
040802054701202212
040802054707202212
040802055501202212
040802055507202212
040802055509202212
040802056301202212
040802056307202212
040802057101202212
040802057107202212
040802058001202212
040802058007202212
040802059801202212
040802059807202212
040802059809202212
040802060101202212
040802060107202212
040802060109202212
040802061001202212
040802061007202212
040802061009202212
040802062801202212
040802062807202212
040802062809202212
040802063601202212
040802063607202212
040802063609202212
040802064401202212
040802064407202212
040802064409202212
040803001101202212
040803001107202212
040803002001202212
040803002007202212
040803003801202212
040803003807202212
040803004601202212
040803005401202212
040803005407202212
040803006201202212
040803006207202212
040803007001202212
040803007007202212
040803008901202212
040803008907202212
040803009701202212
040803009707202212
040803010001202212
040803010007202212
040803011901202212
040803011907202212
040803012701202212
040803012707202212
040803013501202212
040803014301202212
040803015101202212
040803016001202212
040803017801202212
040803017807202212
040803018601202212
040803019401202212
040803020801202212
040803021601202212
040803022401202212
040803023201202212
040803023207202212
040803024001202212
040803024007202212
040803025901202212
040803025907202212
040803026701202212
040803026707202212
040803027501202212
040803027507202212
040803028301202212
040803028307202212
040803029101202212
040803029107202212
040803030501202212
040803030507202212
040803031301202212
040803031307202212
040803032101202212
040803032107202212
040803033001202212
040803033007202212
040803034801202212
040803034807202212
040803035601202212
040803036401202212
040803036407202212
040803037201202212
040803037207202212
040803038001202212
040803038007202212
040803039901202212
040803039907202212
040803040201202212
040803040207202212
040803041001202212
040803041007202212
040803042901202212
040803042907202212
040803043701202212
040803043707202212
040803044501202212
040803044507202212
040803045301202212
040803045307202212
040803046101202212
040803046107202212
040803047001202212
040803047007202212
040803050001202212
040803050007202212
040803051801202212
040803051807202212
040803052601202212
040803052607202212
040803053401202212
040803053407202212
040803054201202212
040803054207202212
040803055001202212
040803055007202212
040803056901202212
040803056907202212
040803057701202212
040803057707202212
040803058501202212
040803058507202212
040803059301202212
040803059307202212
040803060701202212
040803060707202212
040803061501202212
040803061507202212
040803062301202212
040803062307202212
040803063101202212
040803063107202212
040803064001202212
040803064007202212
040803065801202212
040803065807202212
040803066601202212
040803066607202212
040803067401202212
040803067407202212
040803068201202212
040803068207202212
040803069001202212
040803069007202212
040803070401202212
040803071201202212
040803071207202212
040803072001202212
040803072007202212
040803073901202212
040803073907202212
040803074701202212
040803074707202212
040803075501202212
040803075507202212
040803075509202212
040803076301202212
040803076307202212
040803077101202212
040803077107202212
040803078001202212
040803079801202212
040803080101202212
040803080107202212
040803081001202212
040803081007202212
040803082801202212
040803082807202212
040803083601202212
040803083607202212
040803084401202212
040803084407202212
040803085201202212
040803085207202212
040803086001202212
040803086007202212
040803087901202212
040803087907202212
040803088701202212
040803088707202212
040803089501202212
040803089507202212
040803090901202212
040803090907202212
040803091701202212
040803091707202212
040804001701202212
040804001707202212
040804002501202212
040804002507202212
040804003301202212
040804003307202212
040804004101202212
040804004107202212
040804005001202212
040804006801202212
040804007601202212
040804008401202212
040804009201202212
040804010601202212
040804010607202212
040804011401202212
040804011407202212
040804012201202212
040804012207202212
040804013001202212
040804013007202212
040804014901202212
040804014907202212
040804015701202212
040804015707202212
040804016501202212
040804016507202212
040804017301202212
040804017307202212
040804018101202212
040804018107202212
040804018109202212
040804019001202212
040804019007202212
040804019009202212
040804020301202212
040804020307202212
040804022001202212
040804022007202212
040804023801202212
040804023807202212
040804024601202212
040804024607202212
040804025401202212
040804025407202212
040804026201202212
040804026207202212
040804027001202212
040804027007202212
040804028901202212
040804028907202212
040804029701202212
040804029707202212
040804030001202212
040804030007202212
040804031901202212
040804031907202212
040804032701202212
040804032707202212
040804033501202212
040804033507202212
040804034301202212
040804034307202212
040805001201202212
040805001207202212
040805002001202212
040805002007202212
040805003901202212
040805003907202212
040805004701202212
040805004707202212
040805005501202212
040805006301202212
040805007101202212
040805008001202212
040805008007202212
040805010101202212
040805010107202212
040805011001202212
040805011007202212
040805012801202212
040805012807202212
040805013601202212
040805013607202212
040805014401202212
040805014407202212
040805014409202212
040805015201202212
040805015207202212
040805016001202212
040805016007202212
040805016009202212
040805017901202212
040805017907202212
040805019501202212
040805019507202212
040805019509202212
040805020901202212
040805020907202212
040805020909202212
040805021701202212
040805021707202212
040805021709202212
040805022501202212
040805022507202212
040805022509202212
040805023301202212
040805023307202212
040805024101202212
040805024107202212
040805024109202212
040805025001202212
040805025007202212
040805025009202212
040805026801202212
040805026807202212
040805026809202212
040805027601202212
040805027607202212
040805027609202212
040805028401202212
040805028407202212
040805028409202212
040805029201202212
040805029207202212
040805029209202212
040805030601202212
040805030607202212
040805031401202212
040805031407202212
040805032201202212
040805032207202212
040805032209202212
040805033001202212
040805033007202212
040805034901202212
040805034907202212
040805034909202212
040805035701202212
040805035707202212
040805035709202212
040805036501202212
040805036507202212
040805037301202212
040805037307202212
040805037309202212
040805038101202212
040805038107202212
040805039001202212
040805039007202212
040805039009202212
040805040301202212
040805041101202212
040805041107202212
040805042001202212
040805042007202212
040805043801202212
040805043807202212
040805044601202212
040805044607202212
040805044609202212
040805045401202212
040805045407202212
040805046201202212
040805046207202212
040805047001202212
040805047007202212
040805048901202212
040805048907202212
040805049701202212
040805049707202212
040805050001202212
040805050007202212
040805051901202212
040805051907202212
040805052701202212
040805052707202212
040805053501202212
040805053507202212
040805054301202212
040805054307202212
040805055101202212
040805055107202212
040805056001202212
040805056007202212
040805057801202212
040805057807202212
040805058601202212
040805058607202212
040805059401202212
040805059407202212
040805060801202212
040805060807202212
040805061601202212
040805061607202212
040805062401202212
040805062407202212
040805063201202212
040805063207202212
040805064001202212
040805064007202212
040805064009202212
040805065901202212
040805065907202212
040805065909202212
040805066701202212
040805066709202212
040805067501202212
040805067507202212
040805068301202212
040805068307202212
040805069101202212
040805069107202212
040805069109202212
040805070501202212
040805070507202212
040805071301202212
040805071307202212
040805072101202212
040805072107202212
040805073001202212
040805073007202212
040805073009202212
040805074801202212
040805074807202212
040805074809202212
040805075601202212
040805075607202212
040805075609202212
040805076401202212
040805076407202212
040805076409202212
040805077201202212
040805077207202212
040805078001202212
040805078007202212
040805079901202212
040805079907202212
040805080201202212
040805080207202212
040805081001202212
040805081007202212
040805082901202212
040805082907202212
040805082909202212
040805083701202212
040805083707202212
040805084501202212
040805084507202212
040805085301202212
040805085307202212
040805086101202212
040805086107202212
040805087001202212
040805087007202212
040805088801202212
040805088807202212
040805088809202212
040805089601202212
040805089607202212
040805089609202212
040805090001202212
040805091801202212
040805091807202212
040805091809202212
040805092601202212
040805092607202212
040805092609202212
040806001801202212
040806001807202212
040806001809202212
040806002601202212
040806002607202212
040806003401202212
040806003407202212
040806004201202212
040806004207202212
040806004209202212
040806005001202212
040806005007202212
040806005009202212
040806006901202212
040806006907202212
040806007701202212
040806007707202212
040806008501202212
040806008507202212
040806008509202212
040806009301202212
040806009307202212
040806010701202212
040806010707202212
040806011501202212
040806011507202212
040806011509202212
040806012301202212
040806012307202212
040806012309202212
040806013101202212
040806013107202212
040806013109202212
040806014001202212
040806014007202212
040806014009202212
040806015801202212
040806015807202212
040806015809202212
040806016601202212
040806016607202212
040806017401202212
040806017407202212
040806018201202212
040806018207202212
040806019001202212
040806019007202212
040806020401202212
040806020407202212
040806020409202212
040806021201202212
040806021207202212
040806021209202212
040806023901202212
040806023907202212
040806024701202212
040806024707202212
040806025501202212
040806025507202212
040806026301202212
040806026307202212
040806027101202212
040806027107202212
040806028001202212
040806028007202212
040806029801202212
040806029807202212
040806029809202212
040806030101202212
040806030107202212
040806030109202212
040806031001202212
040806031007202212
040806031009202212
040806032801202212
040806032807202212
040806032809202212
040806033601202212
040806033607202212
040806033609202212
040806034401202212
040806034407202212
040806034409202212
040806035201202212
040806035207202212
040806035209202212
040806036001202212
040806036007202212
040806036009202212
040806037901202212
040806037907202212
040806037909202212
040806038701202212
040806038707202212
040806039501202212
040806039507202212
040806039509202212
040806040901202212
040806040907202212
040806040909202212
040806041701202212
040806041707202212
040806041709202212
040806042501202212
040806042507202212
040806042509202212
040806043301202212
040806043307202212
040806043309202212
040806044101202212
040806044107202212
040806044109202212
040806045001202212
040806045007202212
040806045009202212
040806046801202212
040806046807202212
040806046809202212
040806047601202212
040806047607202212
040806047609202212
040806048401202212
040806048407202212
040806048409202212
040806049201202212
040806049207202212
040806050601202212
040806050607202212
040806051401202212
040806051407202212
040806052201202212
040806052207202212
040806053001202212
040806053007202212
040806053009202212
040806054901202212
040806054907202212
040806054909202212
040806055701202212
040806055707202212
040806056501202212
040806056507202212
040806056509202212
040806057301202212
040806057307202212
040806057309202212
040806058101202212
040806058107202212
040806058109202212
040806059001202212
040806059007202212
040806060301202212
040806060307202212
040806060309202212
040806061101202212
040806062001202212
040806062007202212
040806063801202212
040806063807202212
040806063809202212
040806064601202212
040806064607202212
040806066201202212
040806066207202212
040806067001202212
040806067007202212
040806067009202212
040806069701202212
040806069707202212
040806070001202212
040806070007202212
040806070009202212
040901001401202212
040901001407202212
040901002201202212
040901002207202212
040901003001202212
040901003007202212
040901004901202212
040901004907202212
040901005701202212
040901005707202212
040901006501202212
040901006507202212
040901006509202212
040901007301202212
040901007307202212
040901008101202212
040901008107202212
040901009001202212
040901009007202212
040901009009202212
040901012001202212
040901012007202212
040901012009202212
040901013801202212
040901013807202212
040901014601202212
040901014607202212
040901014609202212
040901017001202212
040901017007202212
040901017009202212
040901018901202212
040901018907202212
040901019701202212
040901019707202212
040901020001202212
040901020007202212
040901021901202212
040901022701202212
040901022707202212
040901023501202212
040901023507202212
040901024301202212
040901024307202212
040901025101202212
040901025107202212
040901026001202212
040901026007202212
040901028601202212
040901028607202212
040901029401202212
040901029407202212
040901030801202212
040901030807202212
040901031601202212
040901031607202212
040901032401202212
040901032407202212
040901033201202212
040901033207202212
040901034001202212
040901034007202212
040901036701202212
040901036707202212
040901037501202212
040901037507202212
040901037509202212
040901038301202212
040901038307202212
040901038309202212
040901039101202212
040901039107202212
040901039109202212
040901040501202212
040901040507202212
040901041301202212
040901041307202212
040901043001202212
040901043007202212
040901043009202212
040901045601202212
040901045607202212
040901046401202212
040901046407202212
040901047201202212
040901047207202212
040901048001202212
040901048007202212
040901048009202212
040901049901202212
040901050201202212
040901050207202212
040901051001202212
040901051007202212
040901051009202212
040901052901202212
040901052907202212
040901053701202212
040901053707202212
040901054501202212
040901054507202212
040901055301202212
040901055307202212
040901056101202212
040901056107202212
040901057001202212
040901057007202212
040901058801202212
040901058807202212
040901059601202212
040901059607202212
040901059609202212
040902001001202212
040902001007202212
040902001009202212
040902002801202212
040902002807202212
040902002809202212
040902004401202212
040902004407202212
040902004409202212
040902005201202212
040902005207202212
040902007901202212
040902007907202212
040902007909202212
040902008701202212
040902008707202212
040902008709202212
040902009501202212
040902009507202212
040902009509202212
040902010901202212
040902010907202212
040902010909202212
040902012501202212
040902012507202212
040902012509202212
040902013301202212
040902013307202212
040902013309202212
040902014101202212
040902014107202212
040902014109202212
040902015001202212
040902015007202212
040902015009202212
040902016801202212
040902016807202212
040902016809202212
040902017601202212
040902017607202212
040902017609202212
040903001501202212
040903001509202212
040903002301202212
040903003101202212
040903004001202212
040904001001202212
040904001007202212
040904001009202212
040904003701202212
040904003707202212
040904003709202212
040904004501202212
040904004507202212
040904005301202212
040904005307202212
040904005309202212
040904007001202212
040904007007202212
040904007009202212
040904008801202212
040904008807202212
040904008809202212
040904009601202212
040904009607202212
040904009609202212
040904011801202212
040904011807202212
040904011809202212
040904012601202212
040904012607202212
040904012609202212
040904013401202212
040904013407202212
040904013409202212
040904014201202212
040904014209202212
040904015001202212
040904015007202212
040904015009202212
040904016901202212
040904016907202212
040904016909202212
040904017701202212
040904017707202212
040904017709202212
040904018501202212
040904018507202212
040904018509202212
040904019301202212
040904019307202212
040904019309202212
040904020701202212
040904020707202212
040904020709202212
040904021501202212
040904021507202212
040904021509202212
040904022301202212
040904022309202212
040904023101202212
040904023107202212
040904023109202212
040904024001202212
040904024009202212
040905001601202212
040905001607202212
040905002401202212
040905002407202212
040905002409202212
040905003201202212
040905003209202212
040905004001202212
040905004007202212
040905004009202212
040905007501202212
040905007507202212
040905007509202212
040905008301202212
040905008307202212
040905008309202212
040905009101202212
040905009107202212
040905009109202212
040905010501202212
040905010507202212
040905010509202212
040905011301202212
040905011307202212
040905011309202212
040905013001202212
040905014801202212
040906001101202212
040906001102202212
040906001107202212
040906001109202212
040906002001202212
040906003801202212
040906003809202212
040906004601202212
040906004607202212
040906004609202212
040906005401202212
040906005402202212
040906005409202212
040906007001202212
040906007002202212
040906007009202212
040906010001202212
040906010007202212
040906011901202212
040906011907202212
040906012701202212
040906012707202212
040906013501202212
040906013507202212
040906014301202212
040906014307202212
040906015101202212
040906015107202212
040906016001202212
040906016007202212
040906017801202212
040906017807202212
040906017809202212
040906018601202212
040906018609202212
040906019401202212
040906019407202212
040906019409202212
040906020801202212
040906020807202212
040906020809202212
040906021601202212
040906021607202212
040906021609202212
040906022401202212
040906022407202212
040906022409202212
040906023201202212
040906023202202212
040906023207202212
040906023209202212
040906024001202212
040906024002202212
040906024007202212
040906024009202212
040906025901202212
040906025902202212
040906025907202212
040906025909202212
040906026701202212
040906026702202212
040906026707202212
040906026709202212
040906027501202212
040906027507202212
040906027509202212
040906028301202212
040906028307202212
040906029101202212
040907001701202212
040907001709202212
040907002501202212
040907002509202212
040907003301202212
040907003309202212
040907004101202212
040907004109202212
040907005001202212
040907006801202212
040907006809202212
040907007601202212
040907007609202212
040907008401202212
040907008409202212
040907009201202212
040907009207202212
040907009209202212
040907010601202212
040907010607202212
040907010609202212
040907011401202212
040907011407202212
040907013001202212
040907013007202212
040907013009202212
040907014901202212
040907014907202212
040907014909202212
040907015701202212
040907015707202212
040907015709202212
040907019001202212
040907019009202212
040907020301202212
040907021101202212
040907021107202212
040907022001202212
040907022007202212
040907022009202212
040907023801202212
040907023807202212
040907024601202212
040907024607202212
040907025401202212
040907025407202212
040907026201202212
040907026207202212
040907026209202212
040907027001202212
040907027009202212
040907028901202212
040907028907202212
040907028909202212
040907029701202212
040907030001202212
040907030009202212
040907031901202212
041001001401202212
041001001407202212
041001001409202212
041001005701202212
041001006501202212
041001006507202212
041001006509202212
041001007301202212
041001007307202212
041001007309202212
041001008101202212
041001008107202212
041001008109202212
041001009001202212
041001009009202212
041001011101202212
041001011107202212
041001011109202212
041001012001202212
041001012007202212
041001013801202212
041001014601202212
041001015401202212
041001016201202212
041001019701202212
041001020001202212
041101001801202212
041101001802202212
041101001809202212
041101002601202212
041101002602202212
041101003401202212
041101003402202212
041101004201202212
041101004202202212
041101005001202212
041101005002202212
041101005009202212
041101007701202212
041101007702202212
041101007709202212
041101008501202212
041101008502202212
041102001301202212
041102001302202212
041102001309202212
041102002101202212
041102002102202212
041102002109202212
041102003001202212
041102003002202212
041102004801202212
041102004802202212
041201001101202212
041201001107202212
041201002001202212
041201002007202212
041201003801202212
041201003807202212
041201003809202212
041201004601202212
041201004607202212
041201004609202212
041201007001202212
041201007007202212
041201008901202212
041201008907202212
041201009701202212
041201009707202212
041201010001202212
041201010007202212
041201011901202212
041201011907202212
041201013501202212
041201013507202212
041201014301202212
041201014307202212
041202001701202212
041202001707202212
041202002501202212
041202002507202212
041202003301202212
041202003307202212
041202005001202212
041202005007202212
041202006801202212
041202006807202212
041202007601202212
041202007607202212
041202008401202212
041202008407202212
041203001201202212
041203001207202212
041203004701202212
041203004707202212
041203008001202212
041203008007202212
041203009801202212
041203009807202212
041203009809202212
041203010101202212
041203010107202212
041203011001202212
041203011007202212
041204001801202212
041204001807202212
041204001809202212
041204002601202212
041204002607202212
041204003401202212
041204003407202212
041204004201202212
041204004207202212
041204005001202212
041204005007202212
041204006901202212
041204006907202212
041204008501202212
041204008507202212
041204008509202212
041204010701202212
041204010707202212
041204011501202212
041204011507202212
041204012301202212
041204012307202212
041204013101202212
041204013107202212
041204015801202212
041204015807202212
041204016601202212
041204016607202212
041204017401202212
041204017407202212
041204018201202212
041204018207202212
041204019001202212
041204019007202212
041204020401202212
041204020407202212
041204021201202212
041204021207202212
041204022001202212
041204022007202212
041204022009202212
041205001301202212
041205001307202212
041205003001202212
041205003007202212
041205004801202212
041205004807202212
041205006401202212
041205006407202212
041205007201202212
041205007207202212
041205008001202212
041205008007202212
041205010201202212
041205010207202212
041205011001202212
041205011007202212
041205013701202212
041205013707202212
041205014501202212
041205014507202212
041205015301202212
041205015307202212
041205016101202212
041205016107202212
041301001501202212
041301001507202212
041301006601202212
041301008201202212
041301008207202212
041301009001202212
041301009007202212
041303001601202212
041303001607202212
041303001609202212
041303002401202212
041303002407202212
041303002409202212
041303003201202212
041303003209202212
041303005901202212
041303005907202212
041303005909202212
041303006701202212
041303006709202212
041303007501202212
041303007509202212
041303008301202212
041303008307202212
041303008309202212
041304002001202212
041304002007202212
041304003801202212
041304004601202212
041304005401202212
041304005409202212
041304006201202212
041304006209202212
041304007001202212
041304007009202212
041304008901202212
041304008909202212
041304009701202212
041304009707202212
041304010001202212
041304010007202212
041304011901202212
041304011907202212
041304011909202212
041304012701202212
041304012707202212
041304012709202212
041304013501202212
041304013507202212
041304013509202212
041304014301202212
041304014307202212
041304014309202212
041304015101202212
041304015107202212
041304015109202212
041304016001202212
041304016007202212
041304017801202212
041304017807202212
041304018601202212
041304018607202212
041304018609202212
041304019401202212
041304019407202212
041304019409202212
041304020801202212
041304020807202212
041304020809202212
041304021601202212
041304021607202212
041304021609202212
041304022401202212
041304022407202212
041304022409202212
041304023201202212
041304023207202212
041304023209202212
041304024001202212
041304024007202212
041304025901202212
041304025909202212
041304026701202212
041401002701202212
041401003501202212
041401025601202212
041401025607202212
041401025609202212
041401027201202212
041401027207202212
041401027209202212
041401032901202212
041401032907202212
041401032909202212
041401034501202212
041401034507202212
041401034509202212
041402002201202212
041402002203202212
041402002207202212
041402002209202212
041402003001202212
041402003003202212
041402003007202212
041402003009202212
041402004901202212
041402004903202212
041402004907202212
041402004909202212
041402005701202212
041402005703202212
041402005707202212
041402005709202212
041402006501202212
041402006503202212
041402006507202212
041402006509202212
041402007301202212
041402007303202212
041402007307202212
041402007309202212
041402008101202212
041402008103202212
041402008107202212
041402008109202212
041402009001202212
041402009003202212
041402009007202212
041402009009202212
041402014601202212
041402014603202212
041402014607202212
041402014609202212
041402015401202212
041402015403202212
041402015407202212
041402015409202212
041402016201202212
041402016203202212
041402016207202212
041402016209202212
041402020001202212
041402020003202212
041402020007202212
041402020009202212
041402021901202212
041402021903202212
041402021907202212
041402021909202212
041402024301202212
041402024303202212
041402024307202212
041402024309202212
041402027801202212
041402027803202212
041402027807202212
041402027809202212
041402029401202212
041402029403202212
041402029407202212
041402029409202212
041402036701202212
041402036703202212
041402036707202212
041402036709202212
041402037501202212
041402037503202212
041402037507202212
041402037509202212
041402041301202212
041402041303202212
041402041307202212
041402041309202212
041501001201202212
041501001207202212
041502001801202212
041502003401202212
041502003407202212
041502004201202212
041502004207202212
041502005001202212
041502005007202212
041502006901202212
041502006907202212
041502007701202212
041502007707202212
041503001301202212
041503001307202212
041504002701202212
041504002707202212
041504003501202212
041504003507202212
041601001601202212
041601001607202212
041601002401202212
041601002407202212
041601003201202212
041601003207202212
041601004001202212
041601004007202212
041601007501202212
041601007507202212
041601009101202212
041601009107202212
041601011301202212
041601011307202212
041601011309202212
041601012101202212
041601013001202212
041601016401202212
041601016407202212
041601017201202212
041601017207202212
041601017209202212
041601018001202212
041601018007202212
041601019901202212
041601019907202212
041601020201202212
041601020207202212
041601021001202212
041601021007202212
041601022901202212
041601022907202212
041602002001202212
041602002007202212
041602015101202212
041602015107202212
041602016001202212
041602016007202212
041602017801202212
041602017807202212
041602017809202212
041602018601202212
041602018607202212
041602018609202212
041602019401202212
041602019407202212
041602020801202212
041602020807202212
041602021601202212
041602021607202212
041602021609202212
041602022401202212
041602022407202212
041602023201202212
041602023207202212
041602024001202212
041602024007202212
041602024009202212
041602025901202212
041602025907202212
041603001701202212
041603001707202212
041603001709202212
041603002501202212
041603002507202212
041603002509202212
041603003301202212
041603003307202212
041603003309202212
041603004101202212
041603004107202212
041603004109202212
041603006801202212
041603006807202212
041603007601202212
041603008401202212
041603008407202212
041603009201202212
041603009207202212
041603014901202212
041603014907202212
041603014909202212
041603015701202212
041603015707202212
041603015709202212
041603016501202212
041603016507202212
041603017301202212
041603017307202212
041603018101202212
041603018107202212
041603019001202212
041603020301202212
041603020307202212
041603021101202212
041603021107202212
041603022001202212
041603022007202212
041603023801202212
041603023807202212
041603024601202212
041603024607202212
041603025401202212
041603026201202212
041603027001202212
041603027007202212
041603028901202212
041603029701202212
041603030001202212
041603030007202212
041603031901202212
041603031907202212
041603032701202212
041603032707202212
041603032709202212
041603033501202212
041603033507202212
041603033509202212
041603034301202212
041603034307202212
041603035101202212
041603035107202212
041603035109202212
041603036001202212
041603036007202212
041604001201202212
041604001207202212
041604002001202212
041604002007202212
041604003901202212
041604003907202212
041604004701202212
041604004707202212
041604005501202212
041604005507202212
041604007101202212
041604007107202212
041604010101202212
041604010107202212
041604011001202212
041604011007202212
041604012801202212
041604012807202212
041604014401202212
041604014407202212
041604017901202212
041604017909202212
041604018701202212
041604018709202212
041604019501202212
041604019509202212
041604020901202212
041604020907202212
041604021701202212
041604021707202212
041604022501202212
041604022507202212
041604023301202212
041604023307202212
041604024101202212
041604024107202212
041604025001202212
041604025007202212
041604026801202212
041604026807202212
041604027601202212
041604027607202212
041604028401202212
041604029201202212
041604030601202212
041605001801202212
041605001807202212
041605002601202212
041605002607202212
041605003401202212
041605003407202212
041605005001202212
041605005007202212
041605007701202212
041605007707202212
041605009301202212
041605009307202212
041605010701202212
041605010707202212
041605011501202212
041605011507202212
041606001301202212
041606001307202212
041606001309202212
041606002101202212
041606002107202212
041606003001202212
041606003007202212
041606005601202212
041606005607202212
041606006401202212
041606006407202212
041606008001202212
041606008007202212
041606009901202212
041606009907202212
041606010201202212
041606010207202212
041606011001202212
041606011007202212
041606012901202212
041606012907202212
041608001401202212
041608001407202212
041608001409202212
041608003001202212
041608003007202212
041608003009202212
041608008101202212
041608008107202212
041608009001202212
041608009007202212
041608011101202212
041608011107202212
041608012001202212
041608012007202212
041608012009202212
041609001001202212
041609001007202212
041609002801202212
041609002807202212
041609003601202212
041609003607202212
041609007901202212
041609007907202212
041609010901202212
041609010907202212
041609011701202212
041609011707202212
041609012501202212
041609012507202212
041609013301202212
041609013307202212
041611001001202212
041611001007202212
041611002901202212
041611002907202212
041611003701202212
041611003707202212
041611004501202212
041611004507202212
041611005301202212
041611005307202212
041611006101202212
041611006107202212
041611007001202212
041611007007202212
041611008801202212
041611008807202212
041612002401202212
041612003201202212
041612004001202212
041612004009202212
041612005901202212
041612005909202212
050103006901202212
050103006903202212
050103006907202212
050201001074202212
050201001075202212
050201001076202212
050201001077202212
050201001078202212
050201001079202212
050201002977202212
050201002978202212
050201002979202212
050201002980202212
050201002981202212
050201002982202212
050301001401202212
050301001403202212
050301001474202212
050301001475202212
050301001476202212
050301001477202212
050301001478202212
050301001479202212
050301001480202212
050301001481202212
050301001482202212
050301002201202212
050301002274202212
050301002275202212
050301002276202212
050301002277202212
050301002278202212
050301002279202212
050301002280202212
050301002281202212
050301002282202212
050302001001202212
050302002801202212
050303001574202212
050303001575202212
050303001576202212
050303001577202212
050303001578202212
050303001579202212
050303001580202212
050303001581202212
050303001582202212
050303002301202212
050303002374202212
050303002375202212
050303002376202212
050303002377202212
050303002378202212
050303002379202212
050303002380202212
050303002381202212
050303002382202212
050303003101202212
050303003174202212
050303003175202212
050303003176202212
050303003177202212
050303003178202212
050303003179202212
050303003180202212
050303003181202212
050303003182202212
050303004001202212
050303004074202212
050303004075202212
050303004076202212
050303004077202212
050303004078202212
050303004080202212
050303004081202212
050303004082202212
050303005801202212
050303005874202212
050303005875202212
050303005876202212
050303005877202212
050303005878202212
050303005879202212
050303005880202212
050303005881202212
050303005882202212
050303006601202212
050303006674202212
050303006675202212
050303006676202212
050303006677202212
050303006678202212
050303006679202212
050303006680202212
050303006681202212
050303006682202212
050303007401202212
050303007474202212
050303007475202212
050303007476202212
050303007477202212
050303007478202212
050303007479202212
050303007480202212
050303007481202212
050303007482202212
050303008201202212
050303008274202212
050303008275202212
050303008276202212
050303008277202212
050303008278202212
050303008279202212
050303008280202212
050303008281202212
050303008282202212
050303009001202212
050303009074202212
050303009075202212
050303009076202212
050303009077202212
050303009078202212
050303009079202212
050303009080202212
050303009081202212
050303009082202212
050303010401202212
050303010474202212
050303010475202212
050303010476202212
050303010477202212
050303010478202212
050303010479202212
050303010480202212
050303010481202212
050303010482202212
050304004574202212
050304004575202212
050304004576202212
050304004577202212
050304004578202212
050304004579202212
050304004580202212
050304004581202212
050304004582202212
050501001103202212
050501001107202212
050501002003202212
050501002007202212
050501003803202212
050501003807202212
050501004603202212
050501004607202212
050501005403202212
050501005407202212
050501006203202212
050501006207202212
050501007003202212
050501007007202212
050501008903202212
050501008907202212
050501009701202212
050501009707202212
050501009709202212
050501012701202212
050501012707202212
050501012709202212
050501013501202212
050501013507202212
050501013509202212
050502004101202212
050502004107202212
050502005001202212
050502005007202212
050502006801202212
050502007601202212
050502008401202212
050502009201202212
050502010601202212
050502011401202212
050502011407202212
050502012201202212
050602001012202212
050602002912202212
050602003712202212
050602004503202212
050602004507202212
050602004509202212
050602004512202212
050602005301202212
050602005303202212
050602005307202212
050602006101202212
050602006103202212
050602006107202212
050602007001202212
050602007003202212
050602007007202212
050602008801202212
050602008803202212
050602008807202212
050602009601202212
050602009603202212
050602009607202212
050602010001202212
050602010003202212
050602010007202212
050602011801202212
050602011803202212
050602011807202212
070209005001202212
070209005007202212
070209006901202212
070209006907202212
080201006765202212
080201007579202212
080201008375202212
080201009176202212
080201010574202212
080201011383202212
080201012181202212
080201013082202212
080201014877202212
080201015678202212
080201016480202212
080201021085202212
080201022986202212
080201023792202212
080201024593202212
080201025387202212
080201026187202212
080201027087202212
